FrameNo,head_x,head_y,head_z,left_shoulder_x,left_shoulder_y,left_shoulder_z,left_elbow_x,left_elbow_y,left_elbow_z,right_shoulder_x,right_shoulder_y,right_shoulder_z,right_elbow_x,right_elbow_y,right_elbow_z,left_hand_x,left_hand_y,left_hand_z,right_hand_x,right_hand_y,right_hand_z,left_hip_x,left_hip_y,left_hip_z,right_hip_x,right_hip_y,right_hip_z,left_knee_x,left_knee_y,left_knee_z,right_knee_x,right_knee_y,right_knee_z,left_foot_x,left_foot_y,left_foot_z,right_foot_x,right_foot_y,right_foot_z
0,0.001876,0.72749,0.038964,-0.16613,0.5138,-0.019945,-0.27832,0.69669,-0.17536,0.17213,0.50981,-0.025254,0.29279,0.68646,-0.16554,-0.26051,0.92125,-0.28041,0.28187,0.9271,-0.26827,-0.07806,-0.002098,-0.035844,0.078677,-0.003369,-0.036031,-0.13368,-0.46528,-0.011341,0.12012,-0.46592,0.014045,-0.1621,-0.81896,0.039771,0.13519,-0.82223,0.047146
1,0.001602,0.72744,0.038303,-0.16609,0.51376,-0.020025,-0.27845,0.6967,-0.1756,0.17224,0.50966,-0.025776,0.29266,0.68665,-0.16566,-0.26057,0.92134,-0.28065,0.28157,0.92728,-0.26858,-0.078033,-0.002137,-0.035927,0.078698,-0.003414,-0.03602,-0.13368,-0.46537,-0.011403,0.11974,-0.46557,0.013685,-0.1622,-0.81888,0.039789,0.13523,-0.8227,0.047158
2,0.001359,0.72747,0.037774,-0.16592,0.51344,-0.020717,-0.27856,0.69641,-0.17585,0.17219,0.50955,-0.02619,0.29255,0.68726,-0.16643,-0.26076,0.92144,-0.2812,0.28125,0.92792,-0.2693,-0.077941,-0.002261,-0.036274,0.07884,-0.003544,-0.036323,-0.13355,-0.46533,-0.01166,0.11989,-0.46556,0.013237,-0.16206,-0.81888,0.039705,0.13513,-0.82244,0.047133
3,0.001208,0.72744,0.037513,-0.16596,0.51335,-0.020672,-0.27872,0.69619,-0.17606,0.17203,0.509,-0.026392,0.2925,0.68734,-0.16659,-0.26083,0.92168,-0.28142,0.28113,0.9278,-0.26943,-0.07789,-0.002356,-0.036639,0.078843,-0.003549,-0.036326,-0.13355,-0.4651,-0.011932,0.12001,-0.46564,0.013229,-0.16209,-0.81828,0.039728,0.13513,-0.82244,0.047133
4,0.00089,0.72714,0.037145,-0.16602,0.51328,-0.020696,-0.27904,0.6956,-0.17594,0.17205,0.50902,-0.026464,0.29237,0.68757,-0.16678,-0.26145,0.92333,-0.282,0.28085,0.92808,-0.2696,-0.077862,-0.002481,-0.036407,0.078859,-0.003675,-0.036442,-0.13345,-0.46488,-0.012181,0.12007,-0.46507,0.012951,-0.16209,-0.81843,0.03966,0.13503,-0.82125,0.047043
5,0.000873,0.72714,0.037177,-0.16603,0.51355,-0.02111,-0.27914,0.6956,-0.17588,0.17199,0.50868,-0.026601,0.29239,0.68763,-0.1669,-0.26162,0.92364,-0.28218,0.28054,0.92841,-0.26981,-0.077868,-0.002555,-0.03632,0.078916,-0.003818,-0.036642,-0.13336,-0.46474,-0.012225,0.12012,-0.46496,0.012832,-0.16204,-0.81833,0.039681,0.1349,-0.82123,0.047353
6,0.00076,0.72725,0.037235,-0.16604,0.51355,-0.021124,-0.27919,0.69553,-0.1759,0.17198,0.5087,-0.026596,0.29229,0.68783,-0.16692,-0.26174,0.92371,-0.28229,0.27978,0.92963,-0.27053,-0.077878,-0.002552,-0.036314,0.078906,-0.003793,-0.036663,-0.13337,-0.46479,-0.012169,0.12014,-0.46495,0.012834,-0.16215,-0.81878,0.039959,0.13487,-0.82117,0.047335
7,0.000676,0.72736,0.037164,-0.16625,0.51348,-0.020966,-0.27952,0.69558,-0.17603,0.17193,0.50851,-0.026833,0.29223,0.6876,-0.16698,-0.26201,0.92394,-0.28224,0.27993,0.92825,-0.27055,-0.077937,-0.002477,-0.036433,0.078777,-0.00375,-0.036736,-0.13339,-0.46507,-0.012231,0.11998,-0.46496,0.012812,-0.16236,-0.81889,0.039999,0.13513,-0.82212,0.047226
8,0.00056,0.72736,0.03707,-0.16633,0.51347,-0.021025,-0.27975,0.69547,-0.17606,0.17191,0.5084,-0.026946,0.29218,0.6876,-0.16707,-0.26229,0.92428,-0.28239,0.27975,0.92825,-0.2708,-0.077937,-0.002499,-0.036454,0.078782,-0.003784,-0.036829,-0.13337,-0.46508,-0.012269,0.11994,-0.46482,0.012723,-0.16242,-0.81884,0.040047,0.13511,-0.82205,0.047235
9,0.000472,0.72735,0.036981,-0.16641,0.51345,-0.021099,-0.27998,0.69541,-0.17612,0.1719,0.50827,-0.027062,0.29213,0.6876,-0.16714,-0.26253,0.92445,-0.28251,0.27961,0.92825,-0.27104,-0.077926,-0.002512,-0.036481,0.078796,-0.00382,-0.036943,-0.13336,-0.46508,-0.01229,0.11993,-0.46454,0.012593,-0.16244,-0.81884,0.040108,0.13509,-0.82191,0.047235
10,0.00037,0.72735,0.036867,-0.1665,0.51343,-0.02115,-0.2802,0.69535,-0.17617,0.1719,0.50817,-0.027167,0.29209,0.6876,-0.1672,-0.26279,0.92458,-0.28262,0.2795,0.92822,-0.27127,-0.077919,-0.002526,-0.036504,0.078797,-0.003846,-0.037035,-0.13335,-0.46508,-0.012311,0.11989,-0.46429,0.012473,-0.16247,-0.81884,0.040175,0.13507,-0.8218,0.047237
11,0.000277,0.72735,0.036745,-0.16659,0.51342,-0.021191,-0.28043,0.69527,-0.1762,0.1719,0.50807,-0.027273,0.29207,0.6876,-0.16726,-0.26306,0.92475,-0.28272,0.27948,0.92819,-0.27145,-0.077918,-0.002539,-0.036504,0.078797,-0.003867,-0.037142,-0.13334,-0.46511,-0.012329,0.11984,-0.46402,0.01235,-0.16248,-0.81887,0.040207,0.13508,-0.8217,0.047237
12,0.000192,0.72736,0.036631,-0.16666,0.51342,-0.021226,-0.28066,0.69517,-0.17627,0.1719,0.50796,-0.027386,0.29205,0.68757,-0.16734,-0.26334,0.9249,-0.28288,0.27947,0.92811,-0.27169,-0.077918,-0.002551,-0.036528,0.078803,-0.003893,-0.037246,-0.13333,-0.46517,-0.012345,0.11979,-0.46381,0.012225,-0.16249,-0.81888,0.040207,0.1351,-0.82181,0.047238
13,0.000119,0.72736,0.03651,-0.16669,0.51339,-0.021252,-0.28085,0.69506,-0.17633,0.1719,0.50792,-0.027471,0.29204,0.68752,-0.16744,-0.26359,0.92504,-0.28304,0.27947,0.928,-0.27189,-0.077918,-0.002556,-0.03655,0.078803,-0.003915,-0.037327,-0.13332,-0.46522,-0.012362,0.11975,-0.46362,0.012096,-0.1625,-0.81889,0.040207,0.13514,-0.82192,0.047197
14,6e-05,0.72736,0.036387,-0.16669,0.51334,-0.021278,-0.28103,0.69495,-0.1764,0.1719,0.50788,-0.027555,0.29204,0.68745,-0.16755,-0.26381,0.92514,-0.28326,0.27947,0.92775,-0.27211,-0.077915,-0.002561,-0.036571,0.078805,-0.00394,-0.037407,-0.13331,-0.46526,-0.012375,0.11973,-0.46341,0.01196,-0.1625,-0.81891,0.040194,0.13517,-0.82207,0.04716
15,3.3e-05,0.72735,0.036259,-0.16669,0.5133,-0.021327,-0.28119,0.69484,-0.17647,0.1719,0.50786,-0.02762,0.29204,0.68739,-0.16767,-0.26398,0.92521,-0.28348,0.27947,0.92752,-0.27235,-0.0779,-0.002577,-0.036614,0.078812,-0.003973,-0.037476,-0.1333,-0.4653,-0.012378,0.11974,-0.46331,0.011883,-0.1625,-0.81893,0.040194,0.13519,-0.82218,0.047105
16,3.4e-05,0.72733,0.036128,-0.16669,0.51325,-0.021374,-0.2813,0.69474,-0.17655,0.17193,0.50785,-0.027696,0.29204,0.68729,-0.1678,-0.26411,0.92527,-0.28371,0.27949,0.92736,-0.27262,-0.077867,-0.002609,-0.036665,0.078843,-0.003998,-0.037535,-0.13329,-0.46534,-0.012373,0.11974,-0.46326,0.011792,-0.16247,-0.81893,0.040135,0.13522,-0.82231,0.047049
17,3.6e-05,0.7273,0.036006,-0.16669,0.51324,-0.02141,-0.28139,0.69464,-0.17663,0.17196,0.50785,-0.027766,0.29205,0.68715,-0.16794,-0.26423,0.92535,-0.28393,0.27953,0.92721,-0.2729,-0.077835,-0.002643,-0.036722,0.07888,-0.004024,-0.037595,-0.13327,-0.46538,-0.012377,0.11974,-0.46326,0.011792,-0.16242,-0.81892,0.040074,0.13525,-0.8225,0.046992
18,3.7e-05,0.72726,0.035903,-0.16668,0.51325,-0.021441,-0.28145,0.69455,-0.1767,0.172,0.50785,-0.027827,0.29207,0.68696,-0.16808,-0.26433,0.92532,-0.28412,0.27963,0.92695,-0.27321,-0.077798,-0.002671,-0.036778,0.078926,-0.004042,-0.037626,-0.13324,-0.46543,-0.012381,0.11974,-0.46326,0.011783,-0.16236,-0.81892,0.040023,0.13527,-0.82264,0.04699
19,4.6e-05,0.72722,0.035798,-0.16665,0.51325,-0.021524,-0.28152,0.69445,-0.17678,0.17203,0.50785,-0.027827,0.2921,0.68677,-0.16824,-0.2644,0.92526,-0.2843,0.27977,0.92669,-0.27351,-0.077753,-0.002702,-0.036839,0.078991,-0.00406,-0.037696,-0.13321,-0.46545,-0.01239,0.11979,-0.46326,0.011784,-0.16232,-0.81892,0.039972,0.13529,-0.82283,0.04694
20,7.6e-05,0.72719,0.03569,-0.16658,0.51328,-0.021631,-0.28157,0.69436,-0.17686,0.17206,0.50785,-0.027827,0.29217,0.68657,-0.16841,-0.26445,0.92522,-0.28448,0.27994,0.92646,-0.27381,-0.077704,-0.002733,-0.036902,0.079065,-0.004081,-0.037778,-0.13317,-0.46546,-0.0124,0.11987,-0.46362,0.011755,-0.16228,-0.81893,0.039917,0.13533,-0.82295,0.046884
21,0.000134,0.72716,0.035579,-0.16649,0.51328,-0.021746,-0.28162,0.6943,-0.17693,0.17209,0.50787,-0.027836,0.29224,0.68635,-0.16856,-0.2645,0.92516,-0.28459,0.28013,0.92623,-0.27407,-0.077662,-0.002773,-0.036958,0.079128,-0.004094,-0.037844,-0.13313,-0.46547,-0.012411,0.12,-0.46413,0.011806,-0.16227,-0.81899,0.039849,0.13537,-0.82307,0.046838
22,0.000233,0.72713,0.03547,-0.16639,0.51329,-0.021886,-0.28166,0.69426,-0.17697,0.17214,0.50799,-0.027866,0.29232,0.68612,-0.1687,-0.26457,0.92516,-0.2847,0.28034,0.926,-0.27433,-0.077619,-0.002814,-0.037012,0.079191,-0.004114,-0.037922,-0.13308,-0.46547,-0.012426,0.12013,-0.46463,0.011845,-0.16227,-0.81898,0.039779,0.13543,-0.82323,0.046785
23,0.000356,0.7271,0.035375,-0.16629,0.51329,-0.022018,-0.28168,0.69421,-0.17702,0.17219,0.50812,-0.027914,0.29241,0.68591,-0.16883,-0.26464,0.92521,-0.28477,0.28057,0.92581,-0.27458,-0.077575,-0.002859,-0.037066,0.079254,-0.004139,-0.038004,-0.13303,-0.46548,-0.01244,0.12025,-0.46497,0.011824,-0.16227,-0.81903,0.039726,0.13544,-0.82329,0.04677
24,0.000486,0.72708,0.035295,-0.16619,0.51333,-0.022161,-0.2817,0.69417,-0.17705,0.17224,0.50825,-0.027959,0.2925,0.68568,-0.16895,-0.26469,0.92524,-0.2848,0.28081,0.92564,-0.2748,-0.077549,-0.002895,-0.037095,0.079305,-0.004172,-0.038099,-0.13299,-0.46549,-0.012457,0.12039,-0.46527,0.011826,-0.16227,-0.81908,0.039706,0.13545,-0.82329,0.04676
25,0.000611,0.72708,0.035256,-0.1661,0.51338,-0.022284,-0.2817,0.69415,-0.17705,0.17228,0.50837,-0.027989,0.29259,0.68547,-0.16907,-0.26473,0.92529,-0.28483,0.28105,0.92546,-0.27498,-0.077531,-0.002925,-0.037101,0.079353,-0.004198,-0.03817,-0.13296,-0.4655,-0.012451,0.12051,-0.46554,0.011835,-0.16226,-0.81914,0.039706,0.13547,-0.8233,0.04676
26,0.000746,0.72708,0.035222,-0.16601,0.51345,-0.022417,-0.2817,0.69414,-0.17705,0.17234,0.50849,-0.028021,0.29269,0.68527,-0.1692,-0.26472,0.92532,-0.28486,0.28128,0.92524,-0.27515,-0.07751,-0.002949,-0.037101,0.07939,-0.004219,-0.038214,-0.13295,-0.46551,-0.012442,0.12057,-0.46554,0.011836,-0.16227,-0.81914,0.039706,0.13548,-0.8233,0.04676
27,0.000872,0.72708,0.035176,-0.16592,0.51352,-0.022535,-0.2817,0.69414,-0.17705,0.1724,0.5086,-0.028053,0.29275,0.68514,-0.16934,-0.26472,0.92539,-0.2849,0.28143,0.92513,-0.27528,-0.077493,-0.002972,-0.037101,0.07942,-0.004235,-0.038255,-0.13295,-0.46553,-0.012444,0.1206,-0.46554,0.011822,-0.16224,-0.81914,0.039714,0.13547,-0.82318,0.046793
28,0.000977,0.72708,0.035157,-0.16585,0.51361,-0.022593,-0.28168,0.69414,-0.17706,0.17246,0.50871,-0.028068,0.29279,0.68506,-0.16945,-0.26472,0.92545,-0.28495,0.28152,0.92505,-0.27541,-0.077476,-0.00298,-0.037094,0.079436,-0.004243,-0.038255,-0.13294,-0.46554,-0.012446,0.12062,-0.46555,0.011813,-0.1622,-0.81914,0.039728,0.13547,-0.823,0.046824
29,0.001055,0.72708,0.03514,-0.16579,0.51366,-0.022606,-0.28166,0.69414,-0.17707,0.17251,0.50882,-0.02808,0.29281,0.68498,-0.16955,-0.26472,0.9255,-0.285,0.28158,0.92497,-0.27552,-0.077462,-0.002993,-0.037094,0.079443,-0.004247,-0.038255,-0.13294,-0.46554,-0.012456,0.12063,-0.46559,0.011736,-0.1622,-0.81912,0.039738,0.13547,-0.8229,0.046842
30,0.001098,0.72706,0.035107,-0.16574,0.51367,-0.022614,-0.28163,0.69414,-0.17707,0.17257,0.50893,-0.02809,0.29283,0.68491,-0.16967,-0.2647,0.92552,-0.28506,0.28162,0.92488,-0.27561,-0.077447,-0.002993,-0.037086,0.079451,-0.004247,-0.038255,-0.13294,-0.46553,-0.012486,0.12069,-0.46559,0.011621,-0.16219,-0.8191,0.039772,0.13545,-0.8227,0.046884
31,0.001108,0.72705,0.035079,-0.16571,0.51367,-0.022614,-0.2816,0.69417,-0.17707,0.1726,0.50895,-0.0281,0.29285,0.68484,-0.16978,-0.26466,0.92548,-0.2851,0.28167,0.9248,-0.27568,-0.077435,-0.003013,-0.037053,0.079463,-0.00426,-0.038245,-0.13294,-0.46552,-0.012513,0.12075,-0.46575,0.011469,-0.16219,-0.81907,0.03979,0.13542,-0.82249,0.046915
32,0.001108,0.72705,0.035025,-0.16568,0.51367,-0.022623,-0.28156,0.69416,-0.17707,0.17263,0.50896,-0.028114,0.29287,0.68477,-0.16988,-0.2646,0.92542,-0.28515,0.28172,0.92471,-0.27575,-0.077417,-0.00303,-0.036908,0.079477,-0.004274,-0.038216,-0.13296,-0.46551,-0.012564,0.1208,-0.46535,0.011209,-0.16218,-0.81904,0.039805,0.13543,-0.82233,0.046915
33,0.001109,0.72705,0.034914,-0.16568,0.51367,-0.02263,-0.28153,0.69415,-0.17707,0.17266,0.50896,-0.02812,0.29287,0.68471,-0.16997,-0.2645,0.92539,-0.28521,0.28177,0.92455,-0.27589,-0.077389,-0.003042,-0.036734,0.07952,-0.004283,-0.038115,-0.13298,-0.46549,-0.012685,0.12085,-0.46503,0.010691,-0.16221,-0.81896,0.039816,0.13542,-0.82215,0.046907
34,0.001132,0.72701,0.034771,-0.16568,0.51365,-0.02264,-0.28149,0.69414,-0.17707,0.1727,0.50895,-0.028167,0.29289,0.68461,-0.17007,-0.26435,0.92534,-0.28531,0.28183,0.92426,-0.27606,-0.077361,-0.003073,-0.036369,0.079595,-0.004301,-0.037881,-0.1331,-0.46547,-0.012927,0.1211,-0.46461,0.009685,-0.16224,-0.8189,0.039816,0.13543,-0.82197,0.0469
35,0.001126,0.72683,0.034476,-0.16568,0.51361,-0.02264,-0.28144,0.69409,-0.1771,0.1727,0.50893,-0.028184,0.2929,0.6843,-0.17027,-0.26419,0.92507,-0.28545,0.28182,0.92386,-0.2764,-0.077339,-0.00315,-0.035784,0.079708,-0.004351,-0.037468,-0.13338,-0.46532,-0.013903,0.12154,-0.46426,0.007272,-0.16227,-0.81889,0.039814,0.13544,-0.82191,0.046848
36,0.001084,0.7264,0.033927,-0.16568,0.51337,-0.02264,-0.2814,0.69392,-0.17733,0.1727,0.50866,-0.028229,0.29291,0.68363,-0.17065,-0.26404,0.92449,-0.2857,0.2818,0.92313,-0.27702,-0.077302,-0.003408,-0.034909,0.079917,-0.00458,-0.03678,-0.13398,-0.46517,-0.015906,0.12245,-0.46392,0.003536,-0.1623,-0.81889,0.039814,0.13544,-0.82185,0.046761
37,0.001021,0.7256,0.033146,-0.16564,0.5129,-0.022675,-0.28138,0.69339,-0.17782,0.1727,0.50818,-0.028296,0.29291,0.68263,-0.17135,-0.26384,0.92311,-0.28631,0.28177,0.92214,-0.27805,-0.077244,-0.003939,-0.033591,0.080284,-0.005047,-0.035706,-0.13475,-0.46454,-0.019274,0.12372,-0.4633,-0.001598,-0.16234,-0.81892,0.039755,0.13544,-0.82185,0.046629
38,0.000851,0.723,0.031582,-0.16563,0.51023,-0.022832,-0.28132,0.69167,-0.17898,0.17263,0.50576,-0.028716,0.2929,0.67961,-0.17241,-0.26341,0.91992,-0.28744,0.28173,0.91934,-0.27999,-0.077125,-0.005887,-0.031198,0.080931,-0.006823,-0.033679,-0.13621,-0.46361,-0.024849,0.1257,-0.46244,-0.008864,-0.16247,-0.81896,0.03957,0.13552,-0.82186,0.046405
39,0.000695,0.71863,0.029336,-0.16562,0.50652,-0.023122,-0.28106,0.68743,-0.18025,0.17252,0.50209,-0.029308,0.29289,0.67433,-0.17354,-0.26255,0.91269,-0.28861,0.28159,0.91567,-0.28232,-0.077035,-0.008835,-0.028144,0.081743,-0.009581,-0.030976,-0.13785,-0.46294,-0.031476,0.12805,-0.46192,-0.017315,-0.16275,-0.81927,0.039353,0.13564,-0.82188,0.046097
40,0.000563,0.71286,0.026738,-0.16551,0.50163,-0.023574,-0.2807,0.68223,-0.18169,0.17239,0.49781,-0.029937,0.2929,0.668,-0.1748,-0.26159,0.90502,-0.28983,0.28136,0.90915,-0.28508,-0.076934,-0.012796,-0.02459,0.082646,-0.013272,-0.027784,-0.13987,-0.46238,-0.039219,0.13051,-0.46192,-0.026799,-0.16311,-0.81963,0.039091,0.13582,-0.82189,0.045647
41,0.000467,0.70516,0.023643,-0.16519,0.49499,-0.024175,-0.28008,0.67465,-0.18324,0.1722,0.49118,-0.030588,0.29292,0.66001,-0.1764,-0.26041,0.8969,-0.29143,0.2811,0.9018,-0.28806,-0.076973,-0.01838,-0.02029,0.083583,-0.018614,-0.023704,-0.14192,-0.4622,-0.047596,0.13315,-0.46211,-0.03711,-0.16346,-0.82024,0.038739,0.13602,-0.82206,0.045019
42,0.000412,0.69592,0.020184,-0.16484,0.48645,-0.025031,-0.27926,0.66571,-0.18491,0.172,0.48317,-0.031374,0.29296,0.65036,-0.17834,-0.259,0.88814,-0.29356,0.28079,0.89195,-0.29137,-0.077018,-0.025455,-0.015234,0.084471,-0.025476,-0.01905,-0.14419,-0.4622,-0.056909,0.13598,-0.46232,-0.047904,-0.16385,-0.821,0.038251,0.13623,-0.82236,0.044324
43,0.000335,0.68427,0.016124,-0.16447,0.47621,-0.026051,-0.27822,0.65496,-0.18689,0.17181,0.47239,-0.032628,0.29305,0.63923,-0.18095,-0.25733,0.87521,-0.29633,0.28033,0.88099,-0.2951,-0.076927,-0.034115,-0.009953,0.085375,-0.034103,-0.013898,-0.14657,-0.4622,-0.06667,0.13894,-0.46259,-0.058953,-0.16425,-0.82189,0.037578,0.13647,-0.82296,0.043382
44,0.000275,0.67122,0.011973,-0.16409,0.46417,-0.027208,-0.27704,0.64233,-0.18916,0.17161,0.46004,-0.033925,0.29328,0.62672,-0.18381,-0.25554,0.8618,-0.29922,0.2797,0.86854,-0.29901,-0.076846,-0.044317,-0.004326,0.086257,-0.044408,-0.008409,-0.14898,-0.4622,-0.07624,0.14198,-0.46298,-0.069439,-0.1646,-0.82293,0.036777,0.13673,-0.82426,0.042369
45,0.000314,0.65639,0.007636,-0.16367,0.45037,-0.028471,-0.27566,0.62827,-0.19167,0.17143,0.44586,-0.035272,0.2936,0.61247,-0.18687,-0.25339,0.84708,-0.30245,0.27901,0.8542,-0.303,-0.076706,-0.055769,0.001553,0.087041,-0.056007,-0.00269,-0.15126,-0.46241,-0.085267,0.14478,-0.46356,-0.07915,-0.16493,-0.82404,0.035943,0.13699,-0.82559,0.041363
46,0.000355,0.63954,0.003084,-0.16314,0.43457,-0.029923,-0.27413,0.61181,-0.19421,0.17127,0.42997,-0.036685,0.29397,0.59645,-0.18993,-0.25087,0.83115,-0.30598,0.27822,0.83817,-0.30729,-0.076587,-0.069182,0.007659,0.087999,-0.069501,0.00296,-0.15355,-0.46309,-0.093505,0.1473,-0.46404,-0.087805,-0.16521,-0.82525,0.035138,0.13729,-0.82695,0.040223
47,0.000444,0.62245,-0.001077,-0.16225,0.41887,-0.031682,-0.27251,0.59532,-0.19676,0.17112,0.41483,-0.037887,0.29436,0.58072,-0.19307,-0.24833,0.8145,-0.30979,0.27735,0.82145,-0.31133,-0.076527,-0.082642,0.013046,0.088707,-0.083262,0.008411,-0.15525,-0.46434,-0.1,0.14936,-0.46529,-0.094749,-0.16538,-0.82651,0.034326,0.13755,-0.82832,0.039041
48,0.00059,0.60489,-0.004964,-0.16128,0.40199,-0.033519,-0.27097,0.57901,-0.19982,0.17096,0.39762,-0.039158,0.29479,0.56483,-0.19652,-0.24594,0.8001,-0.31419,0.27654,0.80301,-0.31569,-0.076432,-0.097275,0.018547,0.089335,-0.097955,0.013702,-0.15686,-0.46591,-0.10569,0.15153,-0.46754,-0.10119,-0.16537,-0.82763,0.033439,0.1378,-0.82977,0.037884
49,0.000709,0.58647,-0.008889,-0.16015,0.38425,-0.035608,-0.26912,0.56074,-0.20302,0.17097,0.37965,-0.040594,0.29528,0.54794,-0.20057,-0.24324,0.78414,-0.3193,0.27565,0.78576,-0.32022,-0.076479,-0.11252,0.023794,0.089309,-0.1134,0.01885,-0.15843,-0.46878,-0.11085,0.15394,-0.4709,-0.1071,-0.16537,-0.82878,0.032495,0.13803,-0.8312,0.03677
50,0.001065,0.56761,-0.012984,-0.15892,0.36571,-0.037906,-0.2672,0.54289,-0.2066,0.17099,0.36061,-0.042711,0.29583,0.53081,-0.20499,-0.24046,0.76479,-0.32499,0.27472,0.76673,-0.3257,-0.07655,-0.12772,0.028457,0.089287,-0.12937,0.023395,-0.16031,-0.47215,-0.11585,0.15641,-0.47495,-0.11281,-0.16536,-0.82993,0.031478,0.13828,-0.83255,0.035775
51,0.001477,0.5487,-0.017021,-0.15766,0.34696,-0.040102,-0.26525,0.52458,-0.2107,0.17108,0.34168,-0.044831,0.29637,0.513,-0.20988,-0.23761,0.74476,-0.33085,0.27368,0.74803,-0.33138,-0.076709,-0.1441,0.037371,0.089213,-0.14619,0.031684,-0.16204,-0.47561,-0.11985,0.15881,-0.47896,-0.11795,-0.16529,-0.831,0.030471,0.13829,-0.8344,0.034816
52,0.002114,0.52763,-0.021864,-0.15598,0.32486,-0.042652,-0.26258,0.50292,-0.21578,0.17175,0.32228,-0.046642,0.29691,0.49186,-0.21497,-0.23423,0.72528,-0.33778,0.27273,0.72582,-0.33825,-0.077034,-0.16426,0.047517,0.089133,-0.16648,0.042026,-0.16551,-0.47932,-0.12806,0.16163,-0.48318,-0.12768,-0.16511,-0.83197,0.029637,0.1383,-0.83608,0.033891
53,0.002811,0.50622,-0.026966,-0.15424,0.30105,-0.045204,-0.26003,0.48091,-0.2208,0.17245,0.2983,-0.049009,0.2974,0.46987,-0.22022,-0.23073,0.70438,-0.3452,0.27225,0.70347,-0.34571,-0.077363,-0.18512,0.057378,0.089235,-0.18749,0.0522,-0.16923,-0.48285,-0.13668,0.1642,-0.48745,-0.13758,-0.16493,-0.83281,0.028935,0.13831,-0.83737,0.033092
54,0.003617,0.48418,-0.03244,-0.15242,0.27808,-0.047905,-0.25752,0.45842,-0.22609,0.17319,0.27581,-0.0514,0.29782,0.44774,-0.22558,-0.22727,0.68182,-0.35308,0.27173,0.68208,-0.35366,-0.077596,-0.20591,0.066896,0.089399,-0.20848,0.062025,-0.17301,-0.48606,-0.14533,0.1666,-0.49189,-0.14739,-0.16472,-0.83361,0.028223,0.13812,-0.83865,0.032244
55,0.004484,0.46215,-0.038097,-0.15056,0.25613,-0.050634,-0.25497,0.43651,-0.23199,0.17412,0.25497,-0.053726,0.29823,0.42477,-0.23167,-0.22422,0.66002,-0.36087,0.27111,0.6606,-0.36193,-0.077933,-0.22558,0.075866,0.089237,-0.22827,0.071703,-0.17687,-0.48886,-0.15378,0.16895,-0.49623,-0.15712,-0.1645,-0.8343,0.02755,0.13777,-0.84005,0.031543
56,0.005371,0.4402,-0.043941,-0.14864,0.23246,-0.054032,-0.25241,0.41389,-0.23797,0.1753,0.23135,-0.056614,0.29861,0.40198,-0.23769,-0.22123,0.6371,-0.36951,0.27045,0.63554,-0.37115,-0.078135,-0.24569,0.085088,0.089139,-0.24851,0.081078,-0.181,-0.49145,-0.16197,0.17118,-0.5001,-0.167,-0.16426,-0.83497,0.026966,0.13741,-0.84144,0.030943
57,0.006153,0.41835,-0.049863,-0.14678,0.21092,-0.057256,-0.24981,0.39188,-0.24416,0.17645,0.21024,-0.059318,0.2991,0.3796,-0.24369,-0.21847,0.61512,-0.37777,0.26986,0.6129,-0.37974,-0.07804,-0.26421,0.093773,0.089132,-0.26775,0.090206,-0.18543,-0.49394,-0.17008,0.17293,-0.50296,-0.17631,-0.164,-0.83557,0.026422,0.13696,-0.84274,0.030381
58,0.006807,0.39676,-0.05588,-0.14495,0.18824,-0.060905,-0.24754,0.37044,-0.25083,0.1775,0.18754,-0.062011,0.29934,0.35713,-0.2493,-0.2159,0.59271,-0.38614,0.26939,0.59043,-0.38821,-0.078327,-0.28423,0.103,0.088713,-0.28805,0.099884,-0.18997,-0.49588,-0.17797,0.17463,-0.50521,-0.18553,-0.16373,-0.83619,0.025858,0.13642,-0.84418,0.029884
59,0.007336,0.3756,-0.061708,-0.1434,0.16639,-0.064501,-0.2454,0.34897,-0.25754,0.17833,0.16616,-0.064058,0.29938,0.33446,-0.25422,-0.21347,0.57196,-0.39443,0.26897,0.56882,-0.39636,-0.078811,-0.3039,0.11218,0.088157,-0.3077,0.10953,-0.19433,-0.49783,-0.18555,0.1764,-0.50736,-0.19404,-0.16348,-0.83671,0.025434,0.13586,-0.84554,0.02942
60,0.007762,0.35429,-0.067421,-0.14181,0.14568,-0.067973,-0.2434,0.32728,-0.26429,0.17907,0.14523,-0.065998,0.29942,0.31205,-0.25854,-0.21132,0.55101,-0.40257,0.2684,0.54628,-0.40425,-0.079092,-0.32219,0.11636,0.087967,-0.32589,0.11492,-0.19895,-0.49972,-0.19314,0.17816,-0.50931,-0.20228,-0.1633,-0.83717,0.02512,0.13525,-0.84627,0.028986
61,0.007895,0.33547,-0.072256,-0.14047,0.12657,-0.071078,-0.24239,0.30861,-0.26979,0.17911,0.12514,-0.067809,0.29945,0.29235,-0.26204,-0.20982,0.53165,-0.40994,0.26778,0.52594,-0.41104,-0.079262,-0.33663,0.1194,0.087937,-0.34036,0.11826,-0.20173,-0.50136,-0.19584,0.17937,-0.5106,-0.20498,-0.16316,-0.83773,0.024724,0.13459,-0.84686,0.028796
62,0.007959,0.31513,-0.076869,-0.1391,0.10922,-0.074096,-0.24147,0.28578,-0.27545,0.17912,0.10906,-0.069035,0.29921,0.27069,-0.26508,-0.2084,0.50988,-0.41804,0.2672,0.50384,-0.41816,-0.079326,-0.351,0.12299,0.087902,-0.3546,0.12227,-0.20413,-0.5028,-0.19754,0.18086,-0.51115,-0.20666,-0.163,-0.83836,0.024297,0.13387,-0.84717,0.028635
63,0.007997,0.29596,-0.081068,-0.1378,0.090729,-0.076909,-0.24068,0.2647,-0.28065,0.17914,0.091912,-0.070402,0.29873,0.24967,-0.26793,-0.2073,0.48878,-0.42602,0.26653,0.48125,-0.4253,-0.079436,-0.36527,0.12685,0.087863,-0.36837,0.12658,-0.20633,-0.50435,-0.19858,0.18241,-0.51165,-0.20775,-0.16284,-0.83903,0.024219,0.13355,-0.84743,0.028529
64,0.008031,0.2779,-0.084826,-0.13662,0.072147,-0.079631,-0.24009,0.24393,-0.28569,0.17915,0.07371,-0.071918,0.29797,0.22983,-0.2702,-0.20637,0.4669,-0.43377,0.26576,0.45811,-0.43186,-0.079713,-0.37946,0.13078,0.088171,-0.38218,0.13106,-0.20844,-0.50602,-0.19927,0.18415,-0.51272,-0.20831,-0.16269,-0.83979,0.024114,0.13342,-0.84737,0.028527
65,0.008062,0.25915,-0.088347,-0.13573,0.055601,-0.081288,-0.2397,0.22377,-0.29077,0.17898,0.058143,-0.072882,0.29696,0.21007,-0.2726,-0.20558,0.44539,-0.44062,0.26511,0.43949,-0.43719,-0.079902,-0.39261,0.13426,0.088389,-0.39467,0.13523,-0.21027,-0.50741,-0.19928,0.18591,-0.51314,-0.2083,-0.16256,-0.84051,0.024052,0.13337,-0.84727,0.028613
66,0.007919,0.24148,-0.091651,-0.13486,0.039127,-0.082915,-0.23952,0.20314,-0.29508,0.17876,0.043055,-0.073801,0.29583,0.19053,-0.27481,-0.2051,0.4238,-0.44753,0.26469,0.41901,-0.44303,-0.080008,-0.40557,0.13766,0.088564,-0.40691,0.1393,-0.21195,-0.50859,-0.1993,0.18785,-0.5135,-0.20828,-0.16242,-0.8412,0.024038,0.13337,-0.84744,0.028613
67,0.007659,0.22421,-0.094685,-0.1342,0.022288,-0.083712,-0.23949,0.1836,-0.2988,0.17816,0.028528,-0.074693,0.29453,0.17204,-0.27701,-0.20499,0.40248,-0.45436,0.26442,0.39839,-0.44879,-0.080152,-0.41694,0.14055,0.088732,-0.41753,0.1429,-0.21342,-0.5095,-0.19931,0.18961,-0.51399,-0.20826,-0.16229,-0.84181,0.024031,0.13337,-0.84762,0.028613
68,0.007324,0.2075,-0.096859,-0.1337,0.006783,-0.084069,-0.23946,0.16469,-0.30198,0.17724,0.014958,-0.07554,0.2932,0.15434,-0.27934,-0.20494,0.38233,-0.46056,0.26369,0.37863,-0.45377,-0.08023,-0.42893,0.14383,0.088523,-0.42871,0.14677,-0.21482,-0.51009,-0.19917,0.19117,-0.51399,-0.20792,-0.16216,-0.84238,0.024027,0.13337,-0.84779,0.028613
69,0.006938,0.19137,-0.099215,-0.13339,-0.008295,-0.084422,-0.23944,0.14698,-0.30451,0.1762,0.001093,-0.076407,0.29174,0.13793,-0.28167,-0.20488,0.36219,-0.46636,0.26302,0.35993,-0.4586,-0.08026,-0.44051,0.14722,0.088242,-0.43995,0.15064,-0.21605,-0.51041,-0.19903,0.19272,-0.51416,-0.20735,-0.16207,-0.84298,0.024023,0.13339,-0.84801,0.028735
70,0.006538,0.17657,-0.10099,-0.1333,-0.020567,-0.084663,-0.23945,0.1296,-0.30718,0.17522,-0.01047,-0.077307,0.29041,0.12244,-0.28404,-0.20483,0.34308,-0.47141,0.26232,0.34283,-0.46299,-0.080454,-0.45097,0.15018,0.088211,-0.44987,0.15396,-0.21727,-0.51068,-0.19833,0.19422,-0.51436,-0.20624,-0.16197,-0.84358,0.024121,0.13339,-0.8482,0.028972
71,0.006161,0.16344,-0.10253,-0.1333,-0.032729,-0.084958,-0.23968,0.11768,-0.30946,0.17426,-0.021104,-0.078197,0.28943,0.11024,-0.28668,-0.20483,0.32743,-0.4753,0.26177,0.32833,-0.46636,-0.080448,-0.46096,0.15261,0.088344,-0.45945,0.15668,-0.21842,-0.51084,-0.19733,0.19539,-0.5145,-0.20471,-0.16192,-0.84413,0.024205,0.13336,-0.84841,0.029257
72,0.005608,0.15142,-0.10373,-0.1333,-0.043262,-0.084958,-0.24007,0.10476,-0.31155,0.17317,-0.030939,-0.078874,0.28858,0.098682,-0.28901,-0.20477,0.31261,-0.47853,0.26127,0.31471,-0.46914,-0.080603,-0.46997,0.15467,0.088573,-0.46821,0.15905,-0.21951,-0.51093,-0.19621,0.19655,-0.51448,-0.20319,-0.16191,-0.84461,0.0243,0.13334,-0.84856,0.02953
73,0.005054,0.1396,-0.10486,-0.13335,-0.05255,-0.084959,-0.24054,0.092298,-0.31298,0.17214,-0.039413,-0.079382,0.2879,0.08723,-0.29106,-0.2048,0.29845,-0.48163,0.26076,0.3016,-0.47183,-0.080759,-0.47793,0.15653,0.088798,-0.47601,0.16107,-0.22044,-0.51099,-0.19512,0.19747,-0.51448,-0.20181,-0.16192,-0.845,0.024497,0.13333,-0.84872,0.02983
74,0.004415,0.12964,-0.10567,-0.13342,-0.060206,-0.084959,-0.24101,0.08035,-0.31384,0.17073,-0.047854,-0.079799,0.28723,0.076397,-0.29265,-0.20503,0.28647,-0.48446,0.2601,0.28911,-0.47419,-0.080597,-0.48567,0.1585,0.089218,-0.48383,0.16313,-0.22131,-0.51109,-0.19378,0.19818,-0.51462,-0.20036,-0.16192,-0.84535,0.024729,0.1333,-0.84889,0.030152
75,0.00372,0.11978,-0.10568,-0.13354,-0.069701,-0.084528,-0.24146,0.069561,-0.31468,0.16928,-0.056372,-0.080223,0.28657,0.066578,-0.29403,-0.20518,0.27447,-0.48727,0.25935,0.27762,-0.47608,-0.080554,-0.49375,0.1608,0.088944,-0.49137,0.16543,-0.22197,-0.51115,-0.1921,0.19845,-0.51462,-0.19866,-0.16192,-0.84565,0.024767,0.13327,-0.84908,0.030461
76,0.002994,0.11108,-0.10568,-0.1338,-0.075605,-0.084218,-0.24188,0.059539,-0.31547,0.16811,-0.062446,-0.080457,0.28588,0.057325,-0.29512,-0.20527,0.26353,-0.48979,0.25851,0.2667,-0.47781,-0.080539,-0.5005,0.16303,0.088615,-0.49791,0.16743,-0.22238,-0.51112,-0.19023,0.19854,-0.5145,-0.19708,-0.16195,-0.8459,0.02481,0.1332,-0.8494,0.030845
77,0.002214,0.10346,-0.10595,-0.13414,-0.080766,-0.083807,-0.24224,0.050392,-0.31637,0.16694,-0.067023,-0.080671,0.28515,0.048918,-0.29612,-0.20529,0.25283,-0.4924,0.25743,0.25605,-0.4798,-0.080555,-0.5056,0.16486,0.088198,-0.50243,0.1691,-0.22269,-0.51111,-0.1884,0.19859,-0.51439,-0.1957,-0.162,-0.84616,0.024856,0.13313,-0.8497,0.031168
78,0.001321,0.09634,-0.10641,-0.13448,-0.085185,-0.083432,-0.24255,0.041752,-0.31747,0.16589,-0.070286,-0.080825,0.28408,0.04028,-0.29693,-0.20532,0.24297,-0.49513,0.25631,0.24696,-0.48189,-0.080489,-0.51047,0.16706,0.087928,-0.50702,0.17145,-0.22288,-0.51111,-0.1862,0.19862,-0.51418,-0.19347,-0.1621,-0.8464,0.024855,0.13302,-0.84984,0.031402
79,0.000476,0.090308,-0.10664,-0.13478,-0.088394,-0.083262,-0.24283,0.034761,-0.31848,0.16492,-0.073355,-0.080879,0.28307,0.032998,-0.29761,-0.20534,0.23388,-0.49776,0.25526,0.23878,-0.4839,-0.080126,-0.51481,0.1691,0.087661,-0.51132,0.17369,-0.22305,-0.51111,-0.18399,0.19864,-0.51398,-0.1914,-0.16222,-0.84654,0.024859,0.13288,-0.85003,0.031533
80,-0.000336,0.086232,-0.10686,-0.13495,-0.089519,-0.083263,-0.24309,0.028695,-0.31948,0.16416,-0.075046,-0.08089,0.28217,0.027014,-0.29796,-0.20537,0.22584,-0.50023,0.25435,0.2316,-0.48573,-0.079864,-0.51703,0.17073,0.087398,-0.51348,0.17531,-0.22323,-0.51113,-0.18201,0.19872,-0.51404,-0.18993,-0.16236,-0.84667,0.024882,0.13272,-0.85022,0.03166
81,-0.001008,0.083442,-0.1071,-0.13501,-0.089672,-0.083264,-0.24329,0.024121,-0.32043,0.1636,-0.075496,-0.080921,0.2813,0.022133,-0.2984,-0.20531,0.22007,-0.50263,0.25363,0.2254,-0.4873,-0.079837,-0.51857,0.17217,0.087102,-0.51505,0.17674,-0.22342,-0.51113,-0.18029,0.19874,-0.51408,-0.18855,-0.16249,-0.84679,0.024893,0.13255,-0.85042,0.031797
82,-0.001726,0.082286,-0.10746,-0.13506,-0.089672,-0.083278,-0.24338,0.021555,-0.32127,0.16305,-0.07553,-0.080982,0.28047,0.019381,-0.29857,-0.20528,0.21632,-0.50482,0.25302,0.22195,-0.48863,-0.079868,-0.51951,0.17346,0.086691,-0.5161,0.17804,-0.22368,-0.51118,-0.17877,0.19868,-0.51397,-0.18724,-0.16261,-0.84695,0.024923,0.13233,-0.85054,0.031985
83,-0.002372,0.082286,-0.10792,-0.13524,-0.089672,-0.083498,-0.2435,0.021555,-0.32205,0.16282,-0.07553,-0.081087,0.27977,0.018418,-0.29861,-0.20527,0.21535,-0.50666,0.25257,0.22081,-0.48993,-0.079875,-0.51951,0.1743,0.086682,-0.5161,0.179,-0.22396,-0.5113,-0.17792,0.19861,-0.51419,-0.18598,-0.16274,-0.84718,0.025022,0.13217,-0.85054,0.032154
84,-0.003041,0.082286,-0.10819,-0.13541,-0.089624,-0.083713,-0.24368,0.021555,-0.32276,0.16274,-0.07553,-0.081218,0.2792,0.018418,-0.2986,-0.20525,0.21535,-0.50838,0.25215,0.22081,-0.49116,-0.079878,-0.51951,0.17461,0.086562,-0.5161,0.17961,-0.22431,-0.51144,-0.17764,0.19834,-0.51426,-0.18486,-0.16286,-0.8474,0.02511,0.13201,-0.85054,0.032318
85,-0.00366,0.082286,-0.10832,-0.13559,-0.089324,-0.08395,-0.24397,0.021555,-0.32339,0.16256,-0.07553,-0.081386,0.27874,0.018418,-0.2986,-0.20524,0.21535,-0.50987,0.25189,0.22081,-0.49232,-0.079878,-0.51951,0.17461,0.086171,-0.5161,0.17961,-0.22462,-0.51158,-0.17753,0.19806,-0.51427,-0.18402,-0.16297,-0.84763,0.025106,0.1319,-0.85055,0.032428
86,-0.004241,0.084422,-0.10837,-0.1358,-0.087959,-0.084118,-0.24454,0.02218,-0.32433,0.16237,-0.073805,-0.081461,0.27812,0.018418,-0.29857,-0.20558,0.21535,-0.51128,0.2519,0.22081,-0.49327,-0.080522,-0.51768,0.1746,0.085308,-0.51449,0.1796,-0.22487,-0.51197,-0.17746,0.19779,-0.51435,-0.18308,-0.16309,-0.84788,0.025119,0.13178,-0.85057,0.032547
87,-0.004685,0.089456,-0.10823,-0.13589,-0.084491,-0.08482,-0.24518,0.025842,-0.32518,0.16206,-0.071053,-0.081402,0.27757,0.019872,-0.29858,-0.20629,0.21727,-0.51213,0.25191,0.22242,-0.494,-0.081532,-0.51426,0.17459,0.084511,-0.51147,0.17959,-0.22494,-0.51239,-0.17722,0.19757,-0.51445,-0.18274,-0.16315,-0.84807,0.025161,0.13172,-0.85057,0.03266
88,-0.005165,0.098234,-0.10789,-0.13675,-0.077449,-0.08564,-0.24606,0.032218,-0.32604,0.16176,-0.065408,-0.081403,0.27704,0.024991,-0.29845,-0.20719,0.22262,-0.51227,0.25192,0.22721,-0.49483,-0.083013,-0.50629,0.17441,0.083527,-0.50426,0.17956,-0.22495,-0.51252,-0.17686,0.19733,-0.5142,-0.18235,-0.16324,-0.84807,0.025208,0.13172,-0.8504,0.032783
89,-0.005641,0.1099,-0.1075,-0.13774,-0.07076,-0.086402,-0.24722,0.04067,-0.32605,0.16138,-0.059933,-0.081406,0.27646,0.03303,-0.29801,-0.20829,0.23188,-0.51228,0.25201,0.23469,-0.49483,-0.084244,-0.49758,0.17397,0.083349,-0.49615,0.17901,-0.22495,-0.51251,-0.17624,0.19709,-0.51397,-0.18191,-0.16333,-0.84807,0.025258,0.13171,-0.8502,0.032905
90,-0.005933,0.12517,-0.1075,-0.13881,-0.057995,-0.086941,-0.24894,0.053264,-0.32612,0.16094,-0.048331,-0.081271,0.27614,0.045179,-0.29753,-0.20976,0.24496,-0.5123,0.25216,0.24724,-0.49483,-0.084891,-0.48492,0.17228,0.083202,-0.48354,0.1774,-0.22493,-0.51251,-0.17613,0.19684,-0.51397,-0.18139,-0.16339,-0.84807,0.025336,0.13171,-0.85004,0.033015
91,-0.006495,0.14299,-0.10751,-0.14015,-0.043934,-0.087208,-0.25088,0.068092,-0.32614,0.16026,-0.035361,-0.081193,0.27573,0.059777,-0.29679,-0.21165,0.2616,-0.51231,0.25233,0.26254,-0.49483,-0.085516,-0.47044,0.17041,0.082974,-0.46934,0.1755,-0.22462,-0.51251,-0.17612,0.19664,-0.51384,-0.18088,-0.16346,-0.84804,0.02544,0.13172,-0.8498,0.033092
92,-0.007304,0.16448,-0.10701,-0.14155,-0.025889,-0.087318,-0.25283,0.086985,-0.32614,0.15946,-0.01854,-0.081411,0.27553,0.077705,-0.29593,-0.21395,0.2789,-0.51146,0.25233,0.28178,-0.49458,-0.08596,-0.45274,0.16844,0.082765,-0.45153,0.17293,-0.22351,-0.51206,-0.17562,0.19609,-0.51361,-0.17988,-0.16346,-0.84788,0.02556,0.13179,-0.84947,0.03318
93,-0.0081,0.1922,-0.10544,-0.14302,-0.001959,-0.087331,-0.25508,0.11392,-0.3252,0.15846,0.003222,-0.081689,0.27554,0.10389,-0.29601,-0.21695,0.30582,-0.51044,0.25233,0.30945,-0.49384,-0.086093,-0.43116,0.16556,0.082788,-0.43006,0.16961,-0.22131,-0.5102,-0.17481,0.19517,-0.51239,-0.17808,-0.16353,-0.84809,0.025536,0.13195,-0.84959,0.033181
94,-0.008752,0.22288,-0.1033,-0.14455,0.023332,-0.087345,-0.25726,0.14354,-0.32374,0.15739,0.028529,-0.081831,0.27554,0.13203,-0.29582,-0.22008,0.3364,-0.5082,0.25249,0.33931,-0.49228,-0.086319,-0.4076,0.16242,0.082656,-0.40642,0.16601,-0.21852,-0.50761,-0.17334,0.19381,-0.51046,-0.17546,-0.16359,-0.8483,0.025536,0.13221,-0.84959,0.033184
95,-0.009382,0.25453,-0.10076,-0.14664,0.052653,-0.087363,-0.25927,0.1753,-0.32227,0.15641,0.056949,-0.081824,0.27554,0.16505,-0.29562,-0.22296,0.36943,-0.50534,0.25265,0.37399,-0.49067,-0.086585,-0.38308,0.15866,0.082461,-0.38147,0.16173,-0.21517,-0.50388,-0.17128,0.19176,-0.50697,-0.17235,-0.16367,-0.84797,0.025386,0.1325,-0.84959,0.033152
96,-0.009991,0.28792,-0.097983,-0.1488,0.083699,-0.087359,-0.26121,0.2089,-0.32058,0.15587,0.087316,-0.081723,0.27787,0.1999,-0.2956,-0.22584,0.40325,-0.5013,0.25282,0.40936,-0.48901,-0.087147,-0.35684,0.1538,0.081917,-0.35519,0.15645,-0.21123,-0.49911,-0.16903,0.18931,-0.50267,-0.16924,-0.16462,-0.84731,0.022904,0.13412,-0.8489,0.029679
97,-0.010496,0.32161,-0.09468,-0.15032,0.11515,-0.086894,-0.26284,0.24483,-0.31847,0.15548,0.11745,-0.081635,0.28044,0.23441,-0.29476,-0.22883,0.43776,-0.49528,0.25306,0.4468,-0.48585,-0.087575,-0.33195,0.14877,0.081541,-0.33031,0.15072,-0.20662,-0.49305,-0.1659,0.18643,-0.49751,-0.16556,-0.16565,-0.84648,0.020437,0.13579,-0.8482,0.026081
98,-0.011062,0.35663,-0.09085,-0.15182,0.1498,-0.086258,-0.26402,0.28218,-0.31473,0.15531,0.15062,-0.081595,0.28282,0.27018,-0.2937,-0.23151,0.47618,-0.48895,0.25332,0.48621,-0.48181,-0.087424,-0.30495,0.14301,0.081603,-0.30345,0.14485,-0.20161,-0.48571,-0.16178,0.18325,-0.49076,-0.16124,-0.16669,-0.84545,0.017718,0.13749,-0.84761,0.022419
99,-0.011514,0.39195,-0.086727,-0.15352,0.18221,-0.08577,-0.26495,0.32045,-0.31046,0.15531,0.18245,-0.081638,0.28545,0.30689,-0.29384,-0.23386,0.51576,-0.48257,0.2537,0.52667,-0.4776,-0.086607,-0.27781,0.13664,0.08206,-0.27691,0.13804,-0.19638,-0.4773,-0.15677,0.17991,-0.48294,-0.15599,-0.16756,-0.84423,0.015687,0.13919,-0.84686,0.019488
100,-0.011895,0.42617,-0.081833,-0.15505,0.21546,-0.085207,-0.26546,0.36047,-0.30592,0.15531,0.21476,-0.081622,0.28684,0.34508,-0.29297,-0.23583,0.55607,-0.47577,0.25409,0.56698,-0.47279,-0.085264,-0.25013,0.12972,0.082335,-0.24944,0.13069,-0.1914,-0.4681,-0.1508,0.17655,-0.47419,-0.14987,-0.16847,-0.84248,0.013916,0.14087,-0.84545,0.016972
101,-0.012125,0.4565,-0.076723,-0.15659,0.24445,-0.084605,-0.26576,0.39925,-0.30121,0.15531,0.24494,-0.081622,0.2881,0.38254,-0.29181,-0.23746,0.60075,-0.46927,0.25483,0.60751,-0.46804,-0.084446,-0.22447,0.12275,0.08263,-0.22412,0.12375,-0.18707,-0.45859,-0.14509,0.1734,-0.46465,-0.14341,-0.16889,-0.84028,0.013301,0.1419,-0.84341,0.015721
102,-0.012169,0.48316,-0.071823,-0.1582,0.27432,-0.084066,-0.2658,0.43315,-0.29732,0.15561,0.27574,-0.082038,0.28919,0.4174,-0.29019,-0.23803,0.63738,-0.46182,0.25575,0.64492,-0.46208,-0.084174,-0.19863,0.1151,0.08257,-0.19881,0.11604,-0.18311,-0.44815,-0.13761,0.1701,-0.45426,-0.13546,-0.16899,-0.83615,0.013396,0.14265,-0.84007,0.015558
103,-0.012211,0.50705,-0.0671,-0.15986,0.30264,-0.083566,-0.26599,0.46688,-0.29322,0.15594,0.30328,-0.082362,0.28994,0.45311,-0.28876,-0.23834,0.67158,-0.45428,0.2567,0.6834,-0.45618,-0.084001,-0.17419,0.10724,0.082639,-0.17501,0.10832,-0.17935,-0.44429,-0.12967,0.16684,-0.45016,-0.12712,-0.16906,-0.83233,0.013504,0.14295,-0.83663,0.015594
104,-0.012253,0.52773,-0.062415,-0.16091,0.3319,-0.083097,-0.26617,0.50112,-0.28894,0.15646,0.33214,-0.082472,0.29028,0.48627,-0.28787,-0.23865,0.70337,-0.44606,0.25781,0.71808,-0.44928,-0.083928,-0.14985,0.099175,0.082102,-0.15113,0.099858,-0.17522,-0.44145,-0.11999,0.16329,-0.44759,-0.11726,-0.16907,-0.82883,0.013628,0.14321,-0.83327,0.015618
105,-0.012149,0.55153,-0.057708,-0.16178,0.36025,-0.082618,-0.26627,0.53269,-0.28436,0.15706,0.35886,-0.082965,0.29026,0.51875,-0.2854,-0.23873,0.73866,-0.43755,0.25881,0.75316,-0.44044,-0.083922,-0.1259,0.088489,0.08151,-0.12797,0.08878,-0.17087,-0.43967,-0.10849,0.15934,-0.44583,-0.10477,-0.16907,-0.82592,0.013764,0.14321,-0.83028,0.015655
106,-0.011906,0.57826,-0.053209,-0.16229,0.38853,-0.082419,-0.26621,0.56216,-0.27956,0.15755,0.38598,-0.083412,0.29024,0.55002,-0.28301,-0.2388,0.77225,-0.43027,0.25922,0.78519,-0.43154,-0.083793,-0.10125,0.073887,0.080993,-0.10348,0.073923,-0.1661,-0.43967,-0.094288,0.1545,-0.4451,-0.089195,-0.16908,-0.82345,0.014596,0.1432,-0.82755,0.016441
107,-0.011633,0.60206,-0.04917,-0.16273,0.4142,-0.082176,-0.26591,0.59148,-0.27549,0.15819,0.41066,-0.083433,0.2902,0.57988,-0.27921,-0.23887,0.80141,-0.42155,0.25933,0.81589,-0.42131,-0.083841,-0.079185,0.059958,0.080484,-0.081679,0.059321,-0.1616,-0.43967,-0.080351,0.14988,-0.44489,-0.073931,-0.16909,-0.82124,0.015475,0.14319,-0.82505,0.017311
108,-0.011438,0.62398,-0.044774,-0.16282,0.43657,-0.081957,-0.26552,0.61725,-0.27127,0.15866,0.43118,-0.08327,0.28771,0.60659,-0.27384,-0.23877,0.82795,-0.41211,0.25928,0.84309,-0.40993,-0.083864,-0.060125,0.04696,0.079981,-0.062527,0.04533,-0.15712,-0.43967,-0.066644,0.14512,-0.44469,-0.058547,-0.16799,-0.81926,0.019054,0.14195,-0.82235,0.022011
109,-0.011138,0.64471,-0.040662,-0.16292,0.45679,-0.081643,-0.26525,0.64101,-0.26565,0.15921,0.45068,-0.083218,0.28547,0.63071,-0.26735,-0.23827,0.8534,-0.40047,0.25922,0.8695,-0.39662,-0.083784,-0.043293,0.033888,0.079444,-0.045691,0.031194,-0.15253,-0.43972,-0.052772,0.13998,-0.44443,-0.042765,-0.16691,-0.81793,0.022818,0.14069,-0.82056,0.02667
110,-0.010805,0.66554,-0.037109,-0.163,0.47717,-0.081428,-0.26503,0.66235,-0.26044,0.15973,0.46865,-0.083213,0.28348,0.65218,-0.26047,-0.23778,0.87399,-0.38822,0.2592,0.89225,-0.38256,-0.083538,-0.027946,0.02028,0.07897,-0.030438,0.017138,-0.14793,-0.44082,-0.039804,0.13492,-0.4446,-0.027743,-0.16573,-0.81708,0.026877,0.13946,-0.8195,0.031293
111,-0.010496,0.68299,-0.033927,-0.16319,0.49054,-0.080972,-0.26491,0.68066,-0.25469,0.1601,0.48092,-0.08321,0.2815,0.66803,-0.25328,-0.23744,0.89299,-0.37607,0.25928,0.90958,-0.36948,-0.083018,-0.017145,0.0078,0.078664,-0.019281,0.003883,-0.144,-0.44295,-0.029084,0.13033,-0.44592,-0.014999,-0.16463,-0.81708,0.030328,0.13829,-0.8195,0.035452
112,-0.010213,0.69972,-0.030897,-0.16325,0.50367,-0.080495,-0.26488,0.69595,-0.24893,0.16045,0.49258,-0.083207,0.28081,0.68072,-0.24663,-0.23719,0.91031,-0.36437,0.25939,0.92319,-0.35637,-0.082507,-0.007534,-0.004832,0.078371,-0.009236,-0.009182,-0.14036,-0.44618,-0.019628,0.12617,-0.4484,-0.003542,-0.16349,-0.81708,0.03359,0.13694,-0.8195,0.039181
113,-0.009847,0.7162,-0.028003,-0.16335,0.51105,-0.079996,-0.26504,0.7066,-0.24292,0.16078,0.49944,-0.083007,0.28018,0.69056,-0.23979,-0.23702,0.92637,-0.35309,0.25914,0.93486,-0.34356,-0.081973,-0.000848,-0.016752,0.077999,-0.002514,-0.020899,-0.13754,-0.45034,-0.012663,0.12291,-0.45165,0.005934,-0.16282,-0.81708,0.035705,0.13619,-0.8195,0.041636
114,-0.009657,0.72588,-0.025092,-0.16355,0.51757,-0.078975,-0.26509,0.71587,-0.23702,0.16077,0.50588,-0.082728,0.2797,0.69763,-0.23378,-0.23708,0.9364,-0.34249,0.25891,0.94385,-0.33243,-0.081834,0.003629,-0.025179,0.077771,0.002617,-0.029457,-0.13541,-0.45686,-0.007851,0.1205,-0.45675,0.012436,-0.16244,-0.81822,0.036929,0.1356,-0.81978,0.04299
115,-0.009565,0.72903,-0.022385,-0.16378,0.52013,-0.077908,-0.26516,0.72268,-0.23162,0.1608,0.50922,-0.082367,0.27948,0.70311,-0.22838,-0.23718,0.94528,-0.33198,0.25879,0.95137,-0.32253,-0.081696,0.004412,-0.029627,0.077515,0.003741,-0.033672,-0.13432,-0.45761,-0.006625,0.11942,-0.45675,0.015042,-0.16209,-0.8192,0.037417,0.13544,-0.82029,0.043268
116,-0.009474,0.73123,-0.019634,-0.16378,0.52215,-0.076703,-0.26544,0.72659,-0.22626,0.16129,0.51206,-0.081667,0.27944,0.70644,-0.22376,-0.23726,0.95156,-0.3227,0.25848,0.95622,-0.31437,-0.08167,0.005113,-0.034363,0.077316,0.004738,-0.037949,-0.13343,-0.45833,-0.005817,0.11855,-0.45676,0.01699,-0.16175,-0.81987,0.037836,0.13529,-0.82083,0.043501
117,-0.009349,0.73206,-0.01745,-0.16378,0.52349,-0.075351,-0.26586,0.72923,-0.22102,0.16176,0.51407,-0.080987,0.2794,0.70878,-0.21955,-0.23739,0.95614,-0.3141,0.25832,0.95885,-0.30739,-0.081203,0.005405,-0.038863,0.077271,0.005242,-0.042125,-0.13296,-0.459,-0.005813,0.11811,-0.45678,0.017528,-0.16146,-0.82026,0.038085,0.13518,-0.8212,0.043691
118,-0.009264,0.73238,-0.015873,-0.16379,0.52433,-0.074002,-0.26615,0.72999,-0.21743,0.16225,0.51512,-0.080285,0.27937,0.70949,-0.21682,-0.23751,0.95754,-0.3086,0.25828,0.95954,-0.30283,-0.080915,0.005478,-0.042602,0.077241,0.005446,-0.045346,-0.13276,-0.45914,-0.005811,0.11804,-0.45633,0.017528,-0.16129,-0.82027,0.038162,0.13511,-0.82139,0.043835
119,-0.009214,0.73262,-0.014369,-0.16385,0.52487,-0.072626,-0.26641,0.7304,-0.2143,0.16257,0.51578,-0.079571,0.27951,0.7101,-0.21478,-0.23764,0.95877,-0.30427,0.25825,0.95971,-0.29969,-0.080695,0.005532,-0.045648,0.077209,0.005495,-0.048238,-0.13259,-0.45929,-0.00581,0.11798,-0.4559,0.017527,-0.16111,-0.82027,0.038202,0.13503,-0.82162,0.043843
120,-0.009124,0.73281,-0.012939,-0.16401,0.5253,-0.07126,-0.26676,0.73043,-0.21172,0.16279,0.51615,-0.078969,0.27968,0.71057,-0.21301,-0.23799,0.95961,-0.30082,0.25823,0.95985,-0.29718,-0.080514,0.005562,-0.048153,0.077169,0.005521,-0.05034,-0.13245,-0.45943,-0.005934,0.11792,-0.4557,0.017526,-0.16098,-0.82027,0.038232,0.13495,-0.82184,0.043854
121,-0.008965,0.73297,-0.011603,-0.16424,0.52572,-0.069835,-0.2673,0.73043,-0.20968,0.16296,0.51637,-0.078371,0.27981,0.71099,-0.21137,-0.23877,0.96011,-0.29806,0.2587,0.95988,-0.29522,-0.080439,0.005562,-0.049942,0.077175,0.005521,-0.052202,-0.13234,-0.45954,-0.007346,0.11787,-0.45561,0.016605,-0.1609,-0.82027,0.038249,0.13488,-0.82199,0.043872
122,-0.008794,0.73309,-0.010281,-0.16448,0.52604,-0.068321,-0.26792,0.73043,-0.20803,0.16311,0.51639,-0.07783,0.27989,0.71099,-0.21005,-0.23949,0.96011,-0.29603,0.25934,0.95988,-0.29397,-0.080426,0.005501,-0.051367,0.07719,0.005521,-0.053927,-0.13229,-0.45964,-0.008658,0.11784,-0.45555,0.015681,-0.16084,-0.82014,0.038281,0.1348,-0.82204,0.04391
123,-0.008679,0.73318,-0.009095,-0.16461,0.52612,-0.067249,-0.26854,0.73043,-0.2067,0.16324,0.51641,-0.077169,0.27995,0.71102,-0.20902,-0.24019,0.96011,-0.29458,0.2599,0.95988,-0.29296,-0.080415,0.005453,-0.052556,0.077191,0.005474,-0.055151,-0.13228,-0.4597,-0.009778,0.11782,-0.45554,0.014639,-0.16081,-0.82,0.038308,0.13472,-0.82211,0.04392
124,-0.008591,0.73325,-0.007966,-0.16476,0.5262,-0.06621,-0.26912,0.73039,-0.20568,0.16331,0.51641,-0.0764,0.28002,0.71102,-0.20814,-0.24092,0.96011,-0.29347,0.2604,0.95983,-0.2921,-0.080408,0.005383,-0.053333,0.077137,0.005394,-0.056076,-0.13227,-0.45974,-0.010745,0.1178,-0.45554,0.01364,-0.16077,-0.81979,0.038308,0.13464,-0.82219,0.043949
125,-0.008587,0.73327,-0.006921,-0.1649,0.52622,-0.065261,-0.26968,0.72986,-0.20482,0.1633,0.5164,-0.075648,0.28005,0.71091,-0.20721,-0.24176,0.95987,-0.29254,0.26088,0.95932,-0.29131,-0.080505,0.005267,-0.053733,0.077024,0.005271,-0.056742,-0.13226,-0.4598,-0.011421,0.11778,-0.45554,0.012733,-0.16074,-0.8196,0.038308,0.13456,-0.82223,0.04393
126,-0.008594,0.73329,-0.006133,-0.16507,0.52622,-0.06441,-0.27011,0.7295,-0.20425,0.1633,0.5164,-0.074941,0.28005,0.71076,-0.20635,-0.2425,0.95937,-0.29197,0.26124,0.95868,-0.29074,-0.080573,0.005178,-0.053935,0.076923,0.005218,-0.056946,-0.13227,-0.45985,-0.011823,0.11775,-0.45554,0.012123,-0.16073,-0.81939,0.038322,0.13449,-0.82235,0.043929
127,-0.008602,0.7333,-0.005216,-0.16528,0.52622,-0.06355,-0.27059,0.72911,-0.20361,0.16329,0.51638,-0.074102,0.28004,0.71061,-0.20538,-0.24343,0.95842,-0.29134,0.26147,0.95813,-0.29018,-0.080813,0.005105,-0.053989,0.076695,0.005092,-0.057084,-0.13231,-0.45991,-0.012136,0.11766,-0.45562,0.011572,-0.16071,-0.81924,0.038383,0.1344,-0.82245,0.043929
128,-0.00861,0.7333,-0.004321,-0.16556,0.52622,-0.062815,-0.27107,0.72865,-0.20295,0.16315,0.51608,-0.073382,0.28003,0.71024,-0.20438,-0.24436,0.95747,-0.29075,0.26165,0.95759,-0.28963,-0.081105,0.004935,-0.054003,0.0764,0.004866,-0.05719,-0.13238,-0.45998,-0.012467,0.11755,-0.45585,0.011021,-0.1607,-0.81906,0.038444,0.13433,-0.82256,0.043944
129,-0.008659,0.7333,-0.003505,-0.16586,0.52617,-0.062181,-0.27154,0.72829,-0.20237,0.16298,0.51577,-0.072531,0.27999,0.70984,-0.20341,-0.24533,0.95658,-0.29013,0.2617,0.95724,-0.2891,-0.081416,0.004774,-0.054022,0.07608,0.004633,-0.057286,-0.13247,-0.46008,-0.01272,0.11743,-0.4561,0.010527,-0.16072,-0.81888,0.038514,0.13427,-0.82272,0.043958
130,-0.00874,0.73329,-0.002648,-0.16623,0.52612,-0.061527,-0.27202,0.72796,-0.20181,0.16279,0.51545,-0.071704,0.27995,0.70947,-0.20258,-0.24616,0.95595,-0.28963,0.26169,0.95703,-0.28851,-0.081762,0.004594,-0.054045,0.075718,0.004381,-0.057406,-0.13256,-0.46017,-0.012963,0.11732,-0.45633,0.010067,-0.16074,-0.81876,0.038648,0.13423,-0.8228,0.044005
131,-0.008832,0.73324,-0.001901,-0.16661,0.52604,-0.060976,-0.27251,0.72763,-0.20123,0.1626,0.51517,-0.070873,0.27989,0.70915,-0.20178,-0.247,0.95532,-0.28908,0.26169,0.95681,-0.28789,-0.082086,0.004397,-0.054042,0.075393,0.00415,-0.05754,-0.13266,-0.4603,-0.01321,0.11715,-0.45664,0.009581,-0.16075,-0.81865,0.038762,0.13418,-0.82291,0.044055
132,-0.008948,0.73313,-0.001089,-0.16698,0.52596,-0.060442,-0.27303,0.7273,-0.20063,0.1624,0.51492,-0.07011,0.27982,0.70883,-0.20096,-0.24783,0.95469,-0.28854,0.26168,0.95663,-0.28719,-0.08245,0.004156,-0.054033,0.075038,0.003842,-0.057664,-0.13278,-0.46046,-0.01348,0.11695,-0.45698,0.009234,-0.16077,-0.81848,0.038878,0.13417,-0.82308,0.044099
133,-0.009079,0.73299,-0.000279,-0.16741,0.52588,-0.059937,-0.27357,0.72696,-0.20002,0.16222,0.51475,-0.069397,0.27976,0.70845,-0.20008,-0.24862,0.95404,-0.28803,0.26163,0.95639,-0.28649,-0.082815,0.003939,-0.054022,0.074673,0.003556,-0.057775,-0.13292,-0.46066,-0.013775,0.11673,-0.45729,0.00893,-0.16078,-0.81831,0.038992,0.13413,-0.82323,0.044094
134,-0.009242,0.73286,0.000544,-0.16791,0.52584,-0.059482,-0.27414,0.72669,-0.19951,0.16205,0.51464,-0.068745,0.2797,0.708,-0.19935,-0.24926,0.95369,-0.28759,0.26157,0.95611,-0.28578,-0.083175,0.003793,-0.054026,0.074289,0.003306,-0.057878,-0.13311,-0.46087,-0.014156,0.11647,-0.45763,0.008598,-0.16079,-0.81813,0.039108,0.1341,-0.82339,0.044094
135,-0.009403,0.73275,0.00135,-0.1684,0.52578,-0.059112,-0.27476,0.7262,-0.19885,0.16188,0.51452,-0.068079,0.27966,0.70752,-0.19864,-0.24994,0.95332,-0.28712,0.26149,0.95576,-0.28513,-0.083589,0.003638,-0.054029,0.073853,0.003042,-0.05798,-0.13331,-0.4611,-0.014579,0.11608,-0.45798,0.008243,-0.1608,-0.818,0.039179,0.13408,-0.82347,0.044094
136,-0.009544,0.73265,0.00192,-0.16892,0.52572,-0.058806,-0.27528,0.72572,-0.19831,0.16173,0.51443,-0.067586,0.27962,0.707,-0.19809,-0.25038,0.95322,-0.28679,0.2614,0.95557,-0.28471,-0.083908,0.003489,-0.054032,0.073511,0.002817,-0.058095,-0.13356,-0.46138,-0.015008,0.11568,-0.45835,0.007881,-0.16081,-0.81787,0.039247,0.13405,-0.82351,0.044094
137,-0.009627,0.73255,0.002423,-0.16943,0.52564,-0.058434,-0.2758,0.72528,-0.1978,0.16159,0.51431,-0.067099,0.27959,0.70647,-0.19755,-0.25075,0.95313,-0.28649,0.26132,0.95538,-0.2843,-0.084208,0.003366,-0.054078,0.073214,0.002637,-0.058219,-0.13382,-0.46163,-0.015445,0.11528,-0.45867,0.007567,-0.16082,-0.81776,0.039317,0.13404,-0.82351,0.044083
138,-0.009698,0.73244,0.002919,-0.16992,0.52556,-0.058059,-0.27632,0.72481,-0.19734,0.16143,0.51419,-0.066747,0.27959,0.706,-0.19724,-0.25106,0.95299,-0.28627,0.26123,0.95518,-0.28394,-0.084507,0.003245,-0.054115,0.072918,0.002464,-0.058349,-0.13408,-0.46187,-0.015929,0.11492,-0.45895,0.007235,-0.16082,-0.81765,0.039371,0.13403,-0.82349,0.044104
139,-0.009752,0.73233,0.003342,-0.17038,0.52544,-0.057758,-0.27688,0.72435,-0.1969,0.1613,0.51408,-0.066419,0.27958,0.70557,-0.19701,-0.25139,0.95277,-0.2861,0.26113,0.95513,-0.28375,-0.08478,0.003142,-0.054199,0.072624,0.002292,-0.058496,-0.13437,-0.46212,-0.016416,0.11461,-0.45925,0.006883,-0.16084,-0.81754,0.039371,0.13401,-0.82341,0.044108
140,-0.009802,0.73222,0.003719,-0.17082,0.5253,-0.057459,-0.27737,0.72389,-0.19657,0.16118,0.51396,-0.06619,0.27958,0.70515,-0.19684,-0.25168,0.95268,-0.286,0.26108,0.95502,-0.28366,-0.085066,0.003031,-0.054282,0.072304,0.002109,-0.05864,-0.13464,-0.46234,-0.016893,0.11439,-0.45947,0.006559,-0.16087,-0.81745,0.03937,0.13397,-0.82333,0.044127
141,-0.009832,0.7321,0.003989,-0.17123,0.52514,-0.057463,-0.27783,0.72345,-0.19634,0.1611,0.51385,-0.065983,0.27959,0.70474,-0.19668,-0.252,0.95239,-0.28592,0.26108,0.95488,-0.28366,-0.085313,0.002958,-0.054367,0.072052,0.002019,-0.058776,-0.13493,-0.46253,-0.017361,0.11419,-0.45961,0.006216,-0.16091,-0.81741,0.03937,0.13395,-0.82336,0.0441
142,-0.009853,0.73198,0.004198,-0.17158,0.52499,-0.057466,-0.27832,0.72284,-0.19617,0.16103,0.51374,-0.065832,0.27961,0.70442,-0.19658,-0.25234,0.95192,-0.2859,0.26108,0.95444,-0.28366,-0.085538,0.002881,-0.054455,0.071824,0.001929,-0.058918,-0.13521,-0.46275,-0.017832,0.11398,-0.45974,0.005863,-0.16095,-0.81737,0.039335,0.13392,-0.82341,0.044054
143,-0.009861,0.73186,0.004357,-0.17189,0.52484,-0.057401,-0.27879,0.72223,-0.196,0.16099,0.51362,-0.065695,0.27963,0.70411,-0.19647,-0.25276,0.95112,-0.28589,0.26108,0.9539,-0.28366,-0.085729,0.002799,-0.054555,0.07164,0.001846,-0.059077,-0.13543,-0.46294,-0.018276,0.11385,-0.45985,0.005563,-0.16102,-0.81731,0.039265,0.1339,-0.82344,0.044008
144,-0.009862,0.73174,0.004464,-0.1721,0.52446,-0.057403,-0.27921,0.72186,-0.196,0.16095,0.51351,-0.065554,0.27967,0.70382,-0.1964,-0.25316,0.95031,-0.2859,0.2611,0.95335,-0.28366,-0.085853,0.002722,-0.054672,0.071535,0.001774,-0.059258,-0.13561,-0.4631,-0.018678,0.11385,-0.45993,0.005287,-0.16108,-0.81724,0.039197,0.13387,-0.82344,0.043956
145,-0.009863,0.7316,0.004557,-0.17226,0.52407,-0.057485,-0.27964,0.72155,-0.196,0.16094,0.51342,-0.065431,0.2797,0.70352,-0.19634,-0.25364,0.9494,-0.2859,0.26117,0.95266,-0.28372,-0.085956,0.002632,-0.054765,0.071444,0.00168,-0.059431,-0.13574,-0.46322,-0.019063,0.11386,-0.46005,0.004984,-0.16114,-0.81718,0.03912,0.13384,-0.82351,0.043904
146,-0.009866,0.73148,0.004635,-0.17239,0.52369,-0.057621,-0.28007,0.72124,-0.19601,0.16094,0.51335,-0.065282,0.27973,0.70325,-0.19629,-0.25416,0.94847,-0.28592,0.26128,0.95184,-0.28381,-0.086031,0.002552,-0.054854,0.07137,0.00159,-0.059576,-0.13583,-0.46336,-0.019375,0.11386,-0.46016,0.004693,-0.1612,-0.8171,0.039046,0.13381,-0.82346,0.043856
147,-0.00987,0.73136,0.004674,-0.1725,0.52314,-0.05764,-0.28051,0.72094,-0.19602,0.16092,0.51329,-0.065283,0.27978,0.70301,-0.19626,-0.25482,0.94722,-0.28598,0.26138,0.95112,-0.28393,-0.086086,0.002429,-0.055015,0.071327,0.001461,-0.05975,-0.13592,-0.46347,-0.019672,0.11389,-0.4603,0.004396,-0.16126,-0.81696,0.03893,0.13377,-0.82339,0.043764
148,-0.009878,0.73123,0.004691,-0.17259,0.52263,-0.057673,-0.28094,0.72055,-0.19607,0.16091,0.51323,-0.065276,0.27983,0.70273,-0.19625,-0.25547,0.94595,-0.28604,0.26149,0.95038,-0.28408,-0.086109,0.002304,-0.055185,0.071328,0.001348,-0.059887,-0.13597,-0.46358,-0.019973,0.11399,-0.46043,0.004104,-0.16131,-0.81681,0.0388,0.13374,-0.82337,0.043668
149,-0.009883,0.73111,0.004698,-0.17269,0.52212,-0.057771,-0.28136,0.72013,-0.19616,0.1609,0.51318,-0.065233,0.27988,0.70243,-0.19626,-0.25611,0.94468,-0.28614,0.26158,0.9497,-0.28427,-0.086108,0.00218,-0.05536,0.07133,0.001246,-0.060022,-0.13602,-0.4637,-0.020327,0.11419,-0.46056,0.003778,-0.16135,-0.81666,0.038654,0.13371,-0.82329,0.04358
150,-0.009886,0.73098,0.004707,-0.17283,0.52161,-0.057862,-0.28181,0.71968,-0.1962,0.16089,0.51308,-0.065179,0.27993,0.7021,-0.19629,-0.2568,0.94345,-0.28623,0.26167,0.94903,-0.2845,-0.086106,0.002058,-0.055552,0.071331,0.001133,-0.060179,-0.13605,-0.46383,-0.020732,0.11439,-0.46071,0.003438,-0.16141,-0.8165,0.038506,0.13369,-0.82322,0.043493
151,-0.009887,0.73088,0.004715,-0.173,0.52109,-0.057949,-0.28221,0.71939,-0.19627,0.16089,0.51299,-0.06518,0.27997,0.70176,-0.19632,-0.2575,0.94226,-0.28634,0.26172,0.94849,-0.28473,-0.086104,0.001933,-0.055754,0.071334,0.001018,-0.060328,-0.13608,-0.46388,-0.021089,0.11458,-0.46084,0.003151,-0.16147,-0.81635,0.038367,0.13367,-0.82313,0.043406
152,-0.009896,0.73078,0.00473,-0.17316,0.52056,-0.057998,-0.28258,0.71909,-0.19632,0.16088,0.51289,-0.065183,0.28001,0.70144,-0.19633,-0.25809,0.94132,-0.28645,0.26174,0.94804,-0.28493,-0.086098,0.001817,-0.055974,0.071361,0.000911,-0.060431,-0.13611,-0.46397,-0.021405,0.11476,-0.46097,0.002836,-0.16151,-0.81621,0.038263,0.13366,-0.82319,0.043308
153,-0.009924,0.73067,0.004737,-0.17333,0.52029,-0.057999,-0.28296,0.71858,-0.19638,0.16086,0.51276,-0.065203,0.28004,0.70114,-0.19633,-0.25866,0.94038,-0.28654,0.26176,0.9476,-0.28513,-0.086079,0.001724,-0.05617,0.071376,0.000814,-0.060505,-0.13614,-0.46406,-0.021712,0.11494,-0.46108,0.002513,-0.16156,-0.81607,0.038154,0.13365,-0.82324,0.043235
154,-0.009962,0.73057,0.004737,-0.1735,0.52001,-0.058001,-0.28332,0.71807,-0.19641,0.16084,0.51261,-0.065116,0.28006,0.70092,-0.1963,-0.25916,0.93955,-0.28658,0.26176,0.94736,-0.28531,-0.086063,0.001639,-0.056362,0.071379,0.00074,-0.060562,-0.13619,-0.46416,-0.021989,0.11513,-0.46115,0.002251,-0.16161,-0.81593,0.038061,0.13366,-0.8233,0.0432
155,-0.010008,0.73047,0.004739,-0.17367,0.51975,-0.058002,-0.28365,0.71757,-0.19643,0.16085,0.51248,-0.065035,0.28006,0.70073,-0.19626,-0.25962,0.93873,-0.28661,0.26176,0.94724,-0.28547,-0.086048,0.001558,-0.056558,0.07138,0.00066,-0.060626,-0.13624,-0.46428,-0.022255,0.11531,-0.46123,0.002,-0.16168,-0.81576,0.03797,0.13368,-0.8233,0.043163
156,-0.010062,0.73039,0.004741,-0.17394,0.51967,-0.057661,-0.28393,0.71712,-0.19645,0.16086,0.51235,-0.064982,0.28006,0.70055,-0.19623,-0.25993,0.9382,-0.28662,0.26176,0.94714,-0.28563,-0.086047,0.001518,-0.056679,0.071379,0.000619,-0.060649,-0.13629,-0.46439,-0.022516,0.11548,-0.46128,0.001772,-0.16175,-0.81566,0.037909,0.13367,-0.82323,0.043163
157,-0.010119,0.73032,0.004818,-0.17423,0.5196,-0.057259,-0.28417,0.71675,-0.19646,0.16087,0.51225,-0.064859,0.28006,0.70039,-0.19616,-0.2602,0.9378,-0.28662,0.26174,0.94707,-0.28576,-0.086046,0.001486,-0.056782,0.071379,0.000579,-0.060667,-0.13638,-0.4645,-0.022764,0.11559,-0.4613,0.001569,-0.16182,-0.81556,0.037835,0.13366,-0.82315,0.043163
158,-0.01018,0.73024,0.004902,-0.17454,0.51952,-0.056945,-0.28438,0.71641,-0.19646,0.16086,0.51216,-0.064713,0.28006,0.70022,-0.1961,-0.26047,0.9374,-0.28662,0.2617,0.94698,-0.28586,-0.086046,0.001461,-0.056871,0.071379,0.000552,-0.060667,-0.13648,-0.46461,-0.022975,0.11564,-0.46134,0.00143,-0.1619,-0.81547,0.037777,0.13366,-0.82312,0.043163
159,-0.01023,0.73018,0.005022,-0.1748,0.51947,-0.056607,-0.28455,0.71614,-0.19642,0.16086,0.51211,-0.064552,0.28006,0.70009,-0.19601,-0.26064,0.93708,-0.28658,0.26167,0.94691,-0.28591,-0.086051,0.001437,-0.056931,0.07135,0.000535,-0.060667,-0.13661,-0.4647,-0.02314,0.11568,-0.46138,0.001345,-0.16196,-0.81539,0.037723,0.13365,-0.82306,0.043189
160,-0.010273,0.73011,0.005153,-0.1748,0.51942,-0.056543,-0.28471,0.71589,-0.19639,0.16086,0.51207,-0.064366,0.28004,0.69996,-0.19593,-0.2608,0.93683,-0.28658,0.26163,0.94683,-0.28597,-0.086067,0.001402,-0.056977,0.071316,0.000519,-0.060667,-0.13673,-0.46479,-0.023352,0.11572,-0.46142,0.001259,-0.16201,-0.81525,0.037684,0.13364,-0.82301,0.043244
161,-0.01031,0.73005,0.00531,-0.1748,0.51937,-0.056527,-0.28486,0.71563,-0.19636,0.16086,0.51201,-0.064128,0.28002,0.69982,-0.19582,-0.26102,0.93661,-0.28653,0.2616,0.94674,-0.286,-0.086088,0.001365,-0.056977,0.071271,0.000497,-0.060642,-0.13683,-0.46485,-0.023542,0.11574,-0.46147,0.001193,-0.16205,-0.81512,0.037657,0.13363,-0.823,0.043365
162,-0.010347,0.73,0.005513,-0.1748,0.51931,-0.056308,-0.28496,0.71558,-0.19634,0.16089,0.51195,-0.063734,0.27999,0.69968,-0.1957,-0.26125,0.93632,-0.28641,0.26157,0.94665,-0.28603,-0.08611,0.001329,-0.056978,0.071217,0.00048,-0.060589,-0.13692,-0.46492,-0.02373,0.11575,-0.46151,0.001131,-0.1621,-0.81512,0.037627,0.13362,-0.82294,0.04349
163,-0.010373,0.72997,0.005752,-0.1748,0.51909,-0.056028,-0.28508,0.71549,-0.19631,0.1609,0.5119,-0.063316,0.27997,0.69954,-0.19555,-0.26149,0.93601,-0.28629,0.26153,0.94656,-0.28608,-0.086138,0.00129,-0.056978,0.071161,0.000455,-0.06054,-0.13699,-0.46497,-0.023906,0.11577,-0.46155,0.001105,-0.16216,-0.81512,0.037595,0.13361,-0.82288,0.04362
164,-0.010382,0.72988,0.006049,-0.17479,0.51886,-0.055706,-0.28528,0.71499,-0.19618,0.16093,0.51184,-0.062792,0.27994,0.69936,-0.19537,-0.26177,0.93562,-0.28612,0.26151,0.94644,-0.28613,-0.086203,0.001237,-0.056944,0.07109,0.000426,-0.060489,-0.13706,-0.46499,-0.024071,0.11578,-0.46162,0.001088,-0.16225,-0.81512,0.037543,0.13359,-0.82284,0.043769
165,-0.010386,0.72978,0.006403,-0.17473,0.51859,-0.055388,-0.28548,0.7145,-0.19607,0.16095,0.51179,-0.062235,0.27991,0.69916,-0.19519,-0.26204,0.93524,-0.28594,0.2615,0.94625,-0.28618,-0.086265,0.001185,-0.056896,0.071022,0.000387,-0.060436,-0.13712,-0.465,-0.02419,0.1158,-0.46167,0.001086,-0.16236,-0.81512,0.037491,0.13358,-0.82286,0.043921
166,-0.010389,0.72969,0.006814,-0.17463,0.51826,-0.054994,-0.28568,0.71402,-0.19591,0.16099,0.51178,-0.061777,0.27987,0.69898,-0.19504,-0.2623,0.93487,-0.28578,0.2615,0.94605,-0.28621,-0.086298,0.001136,-0.056797,0.070974,0.000346,-0.060368,-0.13715,-0.465,-0.024284,0.11582,-0.46173,0.001087,-0.16247,-0.81511,0.037442,0.13356,-0.82291,0.04406
167,-0.010393,0.72961,0.007258,-0.17452,0.51803,-0.054564,-0.28587,0.71351,-0.19576,0.16101,0.51176,-0.061325,0.27984,0.6988,-0.19484,-0.26254,0.93451,-0.28561,0.2615,0.94578,-0.28621,-0.086324,0.001088,-0.05667,0.07094,0.00032,-0.060256,-0.13715,-0.465,-0.024337,0.11583,-0.46182,0.001087,-0.16258,-0.81514,0.037398,0.13356,-0.82291,0.044195
168,-0.01039,0.72952,0.007696,-0.17431,0.51781,-0.054041,-0.28609,0.71283,-0.19544,0.16103,0.51168,-0.060802,0.2798,0.69862,-0.19462,-0.2628,0.93407,-0.28542,0.2615,0.94552,-0.2862,-0.086331,0.001041,-0.056516,0.070939,0.0003,-0.060109,-0.13715,-0.465,-0.02436,0.11585,-0.46188,0.001098,-0.16268,-0.81517,0.037355,0.13356,-0.82293,0.044322
169,-0.01049,0.72917,0.008009,-0.17346,0.51643,-0.055465,-0.28652,0.71109,-0.19518,0.1611,0.5117,-0.06016,0.27981,0.69831,-0.19462,-0.26318,0.93331,-0.28512,0.26127,0.9452,-0.28689,-0.08656,0.000943,-0.056514,0.070767,0.000148,-0.060209,-0.13726,-0.46513,-0.024616,0.11586,-0.46207,0.000839,-0.16307,-0.81568,0.036696,0.13326,-0.82154,0.044446
170,-0.010453,0.72916,0.00914,-0.17368,0.51745,-0.0526,-0.28663,0.7112,-0.19486,0.16104,0.51158,-0.059778,0.27968,0.69822,-0.19436,-0.26323,0.93321,-0.28508,0.26127,0.94518,-0.28687,-0.086605,0.000895,-0.056147,0.070691,0.000136,-0.060023,-0.13728,-0.46513,-0.024535,0.1159,-0.46206,0.001072,-0.16306,-0.81597,0.037025,0.13341,-0.82258,0.044582
171,-0.010391,0.72917,0.009536,-0.17392,0.51739,-0.050983,-0.28673,0.71122,-0.19488,0.16107,0.51163,-0.059116,0.27972,0.69802,-0.1938,-0.26328,0.93315,-0.28506,0.2615,0.9442,-0.28645,-0.086605,0.000962,-0.055832,0.070607,0.000245,-0.059608,-0.13724,-0.46505,-0.024445,0.11598,-0.46202,0.00112,-0.16309,-0.81594,0.036993,0.1334,-0.82224,0.044775
172,-0.010343,0.72903,0.009678,-0.17261,0.51637,-0.05421,-0.28695,0.70924,-0.19356,0.16096,0.51108,-0.058398,0.27956,0.69784,-0.19333,-0.26358,0.93248,-0.28469,0.26154,0.94408,-0.28643,-0.086546,0.000832,-0.055641,0.070766,6.9e-05,-0.059309,-0.1372,-0.46498,-0.024361,0.11593,-0.46189,0.001246,-0.16307,-0.81562,0.037252,0.13354,-0.82313,0.044596
173,-0.010261,0.72925,0.010897,-0.17288,0.51646,-0.051051,-0.28701,0.70948,-0.19339,0.16113,0.51066,-0.057449,0.27936,0.69744,-0.19248,-0.26352,0.93223,-0.28425,0.26154,0.94414,-0.28633,-0.086332,0.000848,-0.055169,0.07084,7.5e-05,-0.058378,-0.13714,-0.46492,-0.02428,0.11615,-0.46234,0.001696,-0.16317,-0.81546,0.037171,0.13349,-0.82413,0.044718
174,-0.010285,0.72933,0.011521,-0.1728,0.51732,-0.049204,-0.28716,0.70808,-0.19211,0.16116,0.51095,-0.056828,0.27945,0.69707,-0.19183,-0.26394,0.93154,-0.28423,0.26181,0.94331,-0.286,-0.086259,0.000941,-0.055111,0.070956,0.000249,-0.057893,-0.137,-0.46486,-0.024185,0.11614,-0.46224,0.001752,-0.16316,-0.81547,0.037191,0.13346,-0.82376,0.044732
175,-0.010195,0.72918,0.012059,-0.17326,0.51732,-0.047365,-0.28721,0.70728,-0.19133,0.16113,0.51081,-0.056333,0.27936,0.69672,-0.19089,-0.26415,0.93074,-0.28419,0.2622,0.94236,-0.28537,-0.086186,0.000939,-0.054985,0.07115,0.000297,-0.05788,-0.13699,-0.46469,-0.0241,0.11623,-0.4622,0.001809,-0.16314,-0.81546,0.037159,0.13355,-0.82356,0.04461
